1942340011
251499947
-856660744
968350312
-2059664251
-1342060296
1842985529
2103204869
277531177
1363505957
450359634
2014924055
-1152028998
92471309
1502362170
-1146209772
-367021584
1963030190
1974183064
843160947
1553905302
1580753908
-20135139
1377827800
-640438659
-1732080171
74071937
1941370090
-487168722
507159852
-663062930
1066047098
1558575591
-1124857860
753464829
-1020372903
-1826391608
1342258858
1482066059
-796293662
589694771
1476135357
2004185961
-1014746299
-1023404514
-1171510877
1728631736
-58740565
-712275916
1765120596
-1370616593
-862304765
-1769459481
-190816970
-580348584
2072290922
-728689275
2135570849
637526194
1732146826
1821554378
-1357075142
-1771054981
1944250360
-155841141
557039701
-18624208
-1895285504
-1831475897
1194365103
-1457896741
1775762575
-1115119110
-1626984173
865338222
-534977164
-978724779
177233645
-325106385
217423222
967637754
932606461
1532276092
1962084052
1701839138
1692691814
1515842927
-869842619
-2136513537
-51249714
1005566329
1667033441
-2053995315
-1271837264
-2051790704
-1939327389
-571950910
1452769945
-1074934612
1487417829
-187801267
1520779162
618614377
1089210509
357578794
-436998629
623185084
2089858854
590623437
72300642
1100258156
262659487
-1196587389
1186647802
-1997937841
-650090810
1828121914
1793462790
1141433492
-326386944
-1465913863
-1091342802
386092400
-179744910
1016826082
1666884906
-1320640302
-1276771310
181778721
469580594
901496561
-5074644
-2071367578
1447476245
187660419
1656699907
248196333
-535664857
-781406762
639407447
-1012473002
1144515521
1507265333
1477526929
-249308046
1775141960
-909738528
-587797948
-14220438
-1699811891
-1000169375
-758977861
-1981602010
-2141330473
99246896
-1278547726
-1676704745
1422759703
-1749595319
1327910286
-81705496
1023891292
-744449823
1915661570
604728632
-814846724
1420341102
-2069115692
-1408029373
2035229459
-1015266521
-203901713
-1741538857
-420462474
1765674554
-1507293227
-1906145955
-16058050
-478393002
-596905085
-701298921
-830887868
878529255
-189534635
-714085038
1104426551
393322618
-1744382340
1206124477
-888553665
83967695
1984325358
-1674179245
1253657363
-1095216407
-1957459370
1838895213
-732767704
1695825285
626848718
-1627903793
2069469782
523695012
1193039052
1030985940
-1709332819
-2115497359
1722125210
-1436825036
797778646
-1595456555
-633476621
-1991763667
-1898149836
1990978956
-1892860875
-645363356
-278177780
88966492
-963481015
-1289450702
-292382448
-248590618
889853705
-1055083531
-281425748
-1968558022
-1742067152
-1471997403
1955539987
991335024
-791926323
-1944263798
1325010906
154725932
1438307397
948049482
-1463644343
-1172854391
-1011386682
-792870608
-1869983652
-1247541884
-1701688036
1342717945
-2124205025
897041312
1448962108
997874585
-1032919808
2120726352
-1879063294
557945401
761260243
1428884713
-145655871
-1726561357
226320652
-1645647004
59910899
-376438840
-39793262
-688740025
-408679359
1828159852
824573578
-598241635
-1999348798
-70129974
-1572351047
-579286605
-1341408061
-822445353
1393206498
-1399799526
-451034927
1248651210
-1036094005
-408669655
367743617
-1651438687
-1893582407
-1407499302
-1791994586
2036283063
-1461223952
142030971
209959913
-1231306816
-1906482180
1418477079
1805674586
524871314
1696802065
-601225023
222970484
-801843859
1355262628
-146227961
212805456
-1979072384
897849966
-1361547569
-475130448
-1383850372
1925586255
733944292
-1548245719
1625218740
604987449
1339844066
-1366227415
2048496225
1288455983
-2131377082
-1790967484
451869275
-114421869
-156338656
1548644140
1868348099
1623473671
-990703134
115196367
1167815625
-1248874043
-2049111787
-496840275
1975072600
-1347748614
-1634350649
-868207642
1273635379
1281828318
-770568210
1349077149
-1044545271
-788479508
1004029176
93617942
280109433
-1115905604
-1145626870
1753737124
447275426
-1594450767
725513341
-685656767
2033125247
1009586657
2144466517
958583663
1014392222
-515911580
-975152895
-1570062872
-2137698755
1608936652
-1652762238
1387819409
1703967895
1814157120
1608576731
-821645773
-1940589387
-68329875
-1227752674
187004970
1605927144
-1935557993
1557822460
-158644195
-1162801719
-1966046307
-1700973741
-598147232
493161561
1774623569
-2136983719
-1615855504
-1754604040
1748892527
-1592126657
-408490443
1813530339
2068307349
-1224502562
1707743622
-305282754
-294198106
-833522909
34214895
1570527247
1378068925
-277807060
255960327
1707037509
206237695
-303558843
-2118933301
-607234019
1810090241
2110827627
-1589103301
1260847654
-2112743804
-1385586018
-611457786
-416638468
1580901178
-2065828369
1644111269
555175855
1153836736
-605644655
1700565746
-149972581
-1219720225
1188163382
1387165475
451693315
-332526289
-1242871717
2032892439
1235118040
707757263
-1456412783
655982765
1540429838
745472195
187611961
-1197810907
1489137434
-870573267
886507505
1703486589
-615041911
-72390861
294985079
-178441407
-922659304
-1406442846
-481252534
276184231
1351107490
915278102
1941125705
277768390
588452861
1913337682
-897729555
1406533373
1885561200
-154952126
-246767458
-1178146669
-2010175688
-1145978200
1187968265
-612238143
-1703407492
-1321346246
2035470701
1560734194
85288571
2015323496
1032844696
144263384
-904408956
-281435732
1144017359
310438825
1055180378
1602122446
-1796588681
-307352932
-840925785
-606248660
1832369877
-441414251
1309835443
1676807766
614223200
1180698952
-67132832
1661245041
1750510251
397847443
1182289049
-469372317
185346255
598770006
-634925252
247044414
665097181
-1888696259
1861740571
11134980
571813756
252266833
415636900
1254453589
10302804
1430550629
-1837084076
-192560383
1343719566
398485936
-1970708476
1121470661
212118911
-914797510
-1559015707
-469020022
637435923
1868222328
-575730908
2142391183
1893932963
-56958660
1791927894
987930112
656797003
-981580003
-1053815605
320154395
-442383998
885900190
1253172205
-243691633
940253374
-2003533375
225602550
1130437588
977387746
966781638
-371758318
985117034
1270427844
-1699279653
-1194549155
-205006201
-1004039711
694379416
-1427223987
379806984
443368517
-1197923956
-1384414862
1573051957
897462283
1761128128
218132156
-641447566
323191659
-248660333
-348436073
-123859421
63752728
-585741868
1868314743
-352089508
759055240
-1386857085
-1940985638
458108646
314821663
-824590375
652422606
1782255528
1969986187
1701234362
1216493559
-804283996
1365438494
1823270003
-1272950159
-573780875
-996225167
34605537
-45709287
910869262
-627757728
1685637883
632102994
986080589
1853297821
-122938040
705620716
-1275340088
-1957225088
-2038989382
-2125952611
893688412
-1192900809
88698276
-1766543270
1220968436
1303313349
671783119
-1121717649
-2147274682
-315304444
-1282854232
1300223264
-1876134577
887611916
-876601051
-1722804896
-1432290213
-1629545416
-116242426
-739115907
1501218110
-625753964
657564986
-29065760
1449798617
-2116213733
2019920032
-1490846505
-1100646561
-1676303708
1852757564
-449080859
351842595
2129817564
-831956342
-208009311
-154904810
1489010855
1956581941
-142474681
-2058728536
-938664543
-494036432
-2054664937
-1344313661
420537550
2072566674
313176041
-1782301470
790584189
2072194423
-830118746
-1836767603
-1976419743
-2014709590
-1478567101
641455350
1529095708
-1544022420
377080635
-1137048695
1570333467
644112169
-1179509391
1801916040
-296782749
549006342
1471737644
-1679235268
1965008768
-554565775
739103317
2023013713
-830361460
-1216839190
-1864502441
-954648611
2004281882
-578895529
1569432165
-602708644
-335655528
-898816263
-877714906
-1271653226
294629142
-1416063963
-120432419
-1006840077
-1069598169
-2145324662
-1404822328
710085381
2098900199
-1704726554
-1550933749
1583003588
-215087104
79472484
-471084146
1629585668
293100374
837914345
2135752897
-597090489
591247800
1428338682
-1872806774
184470034
150664480
605845955
-1926243679
-1606929205
545523388
-1019428235
-1373982129
-1181107244
-1853751851
537503044
382860767
-876029684
-1194372712
-1382391543
-231939030
-2097050581
900012153
766608380
-263326006
1629424923
-2141238855
1664150627
-1159174940
177882886
-673596959
359686970
815315875
-1890266178
-53754366
2068217016
2019302384
1431982543
1916588150
-1209782718
1127329822
-417052526
-897569925
-1916757027
-996967991
-302133385
-1816254528
-1244590153
-1738405650
-258658376
-1415488874
-1033511264
-1816641506
1411500864
-1229859066
-1503585873
-1653718844
1509363013
1547590055
-1380767649
1216058268
325697386
-1914079661
1586380752
-1460559706
-589748377
2146447488
433607739
391160344
1403082004
1820359598
163784443
-1291367744
-366060189
1155794257
-317057958
841789557
-2144933179
1955946069
1430997307
-1926463308
55391636
-41811954
-992215317
-22902579
309577616
-380526895
-1534862662
218536194
2050149874
-1849992609
1782692156
487673903
1672483830
-1129209076
163678151
667895129
-746502259
-112947418
-1152256635
613040724
-1315026359
264675137
1463188696
850977146
1367627372
1249551429
-2008583948
-1624016676
945011645
1476586977
-771748049
564760507
-53348389
-1281588716
1399343002
-913467286
-822613058
-2125276859
1597897458
1326684744
-1480725518
1435537822
398412492
181849900
-1719849811
857916270
-1355236433
1256968335
-1418461469
-1845760350
-1974448947
191407616
503699984
799859767
1585200291
-508519820
452275555
621274496
-46767671
-1682546857
1789421990
-116574394
-1988151294
-1623122913
1966800346
-1669867606
1422895193
229657551
1726419528
60718382
-733011599
1561674423
1642272294
-1312742714
-434437583
1926248933
-595219993
1571107905
72816879
399126382
535508500
-1695263783
-832153091
663477268
659774777
-1599505150
-725429929
918206407
-33458962
-389915764
1743111040
1029519619
-1222235737
1835678827
-404424319
-1187675770
1843487111
-1753406631
829302154
-1961671027
-1886143618
1476089176
94962380
-1928376396
-1289615021
-125938333
-1821549744
1431322414
-1334691485
566824114
744166164
-1314849098
342615612
-317895016
-94726686
-2033430277
1256380611
1721736624
1265301437
2084562670
-715724779
1303217523
-346660861
-1551953471
112168307
-1636139036
479630365
-105854997
1587537134
-1945694947
1630671381
-1152641898
-581030361
-2136699877
254849885
2036665872
-1170456530
-524683438
2088049808
1855252485
-1290846056
-742879267
1670614544
-794638636
-1936069220
-2025653867
-73035451
1834744782
1018720674
2215912
109257480
1085567211
-1565540818
-1744016764
-863924870
-568874053
2060996163
-521958793
444815156
-1839143857
-282172022
644537530
-1893670528
1453078916
-1258236795
74984679
-888240456
-875194811
1899788393
-2100902558
1181052461
-746462531
224700653
472104391
678390128
-981512423
172167937
1937684161
-1378396029
-150548167
-1304170691
1822101327
-2126929107
-1450143683
-583795305
81428198
1097817696
-1849352787
-1733839175
-815082483
-1740421705
-38343328
-1800465994
1468900587
1141621721
1636431424
-1830979289
-1171952276
653006373
1406928055
1530585790
1929381010
-1384930011
-1505246983
-1953886308
-1729005620
1411584200
-1206610782
1227003690
1387030306
457892950
1240534461
-1434033487
334642686
1225559136
-1718185654
1642330385
-1304888111
-1220247164
-918701093
476853170
2072007076
1696980041
-1233470867
-428776267
1016424805
-166451445
-475287107
-1569495314
-1326375228
836793799
-694767082
-2048234372
1960735083
1446227961
-1985266332
-1846442462
1268776222
-1939297505
-477895404
145634709
-1301704371
-1688547432
-370827767
1569903745
-556232321
-1605709908
