1219515338
794647185
1247229050
1753095418
764333971
-398248353
-1074778553
542008408
1770541465
684164041
225003489
-1771615028
-1933754775
2125583361
-345248441
610142914
-1928702774
-2119068879
457744844
1703728872
1183876116
184528062
-149893362
470264812
-1727379071
-1334168255
-1678597855
-1913367719
-2083997716
1607093381
657555070
468486336
2132638289
1135949488
1021805491
-73333983
918201742
-1471999758
-1656667802
1402461474
1894725973
-521570507
-1591221302
1299581724
-1686332500
1480824777
1889068056
-450550981
-372315204
-1467561565
50938241
410405325
-180222062
67493421
1067122836
-258648370
104553229
1678979717
-546567784
-223891917
2135845041
42678787
922226566
891423051
1392756010
378861034
631691792
1642810624
1416746123
-423734766
221717312
1292263555
-1503494430
-1727569606
-1810240519
150129818
-270594964
1453598976
209949438
-785417889
207553599
-137575631
-1255687437
35608383
157935410
-2058868639
77020955
-2033158776
-1272587674
-838095194
1420195505
-679248696
1273472374
-1791556498
-1979128522
-686354884
1059020941
670305679
-820965256
1818462468
-1658299628
-1154493525
-1769683762
422559226
1767439890
-2092856814
-112352676
-192405564
1287273457
375506789
-427262186
372915303
474866781
-778180368
-1555420377
-728639957
-1791678856
-1269098812
-696739597
1724247578
-1902031408
-252608525
-867489934
-1073838876
-1028992930
951115109
-1143216997
1923130897
-619483162
2117642919
-508636952
637481917
2111724333
-1061569563
1568455794
1563291171
207854893
-1378199624
1338275106
2129452721
-1939000588
634071247
1724298974
-1359324482
845391983
-212185088
-1913410380
41758233
1809166891
-296300191
631630600
1477780655
-52901836
719736580
-300475359
-2017967921
-882764588
-1054431418
829229173
2073000166
1889647338
-673746241
559522387
-1581300207
-2092075387
-1457071145
-1454441437
278647307
-1396018051
-967250189
-1682315414
-639701206
652281947
-661538411
62457875
426120874
-2013479307
214185563
853706135
-772579545
944229669
1512002446
-270049279
-1019166699
198220134
-1197217036
-1918828764
-1495622418
1840328277
-1772454681
1162551552
1050333277
-1894386573
-411555370
-486716005
-1478469392
-1837353972
-96431439
1265040262
-1372777410
1921075381
246358170
-1672166549
-388680072
1364069744
-1262470207
1984697907
-875500107
2106568763
686295231
1904840804
-1283677442
1067525965
-340087768
-1376666945
1906129928
496814482
1190875388
-1996757498
-213856113
-179068949
-1659521178
-1737464425
791860011
1753502382
-1693640398
8586575
-118382559
-496294411
1302784732
1992026865
1381237407
505838749
-227842613
-2134288248
-1207583245
-1462137224
132372124
-2121924111
-264396054
206224755
1659235592
-178587108
134938063
-274629820
-2130186417
-1896712597
1633200986
-1521343955
1824333207
-939509752
2109535339
-1196875935
-423166527
1612027798
-132094882
-1725208262
155415046
-275188096
1173182867
-1171393141
-379495132
-672358110
-794102477
737035529
1061905166
-1065709707
-1692708993
422463817
1849603190
4636397
1215300071
651534241
-1505314752
-1102327331
1821098695
-530521271
-115590294
-487778180
1098751312
-2010845831
-1941480265
-1357433351
925423926
1526217286
1595381196
-2053563894
-315428786
-419352116
113436417
2133422584
362410706
-1954165285
-1232078372
-627992724
1675450424
-1985536298
-1133932730
1499570190
86898319
1612642196
2086747002
-33514908
660293535
1150675245
-885738778
2115133767
-2130819565
-336262114
605826189
221283179
966886014
-1551461943
796658204
1813604206
650219468
1995545417
1956369617
347971686
1531585418
-697601967
1242874304
231536779
582418402
-424743704
1251437779
183188921
1882790407
-1323497600
578524456
1730181038
243394152
-1702900733
1473651018
-1952601453
-663428686
-1302179924
-192010965
393616169
1019093500
731596202
-195778970
-1026639730
1537490202
-626725635
1720318984
-1919107551
-1594039593
1826260775
-585025876
1815024455
-1657202275
-391382243
-1325440817
580119120
-1088143545
1147716307
1310649366
-569764711
-576211654
-474019747
1100300620
1566319961
-843180188
2112155942
-474725483
-266764125
334857471
-895655716
-369338214
124108806
-1256356986
-1689640699
1826269502
845844750
-267305455
-1678003732
-1721234065
-824554130
462282397
2046463276
-317570351
1033162558
-433346091
328933769
-830810950
-1234551654
1809178852
-1206608245
563967932
1477631780
-174599825
593926817
1316818392
-1201026250
-505679251
-925333781
1354049903
-242943644
-462673997
2007011407
1831296233
149354695
-1217976668
-626413357
-1345447342
-874720238
1798426384
-319650676
1795783964
1368824371
-1816966982
1687907318
1628277217
-1346975107
1104171479
-2097743853
-1995288792
1081761228
-569037679
409325917
608857896
-1042828723
515586546
1003624658
1827017613
-54963549
1379141143
-1372390634
616234777
-1184727591
698178489
2013058484
-864525939
66160853
1648733464
462090230
943610569
1411495388
-1612511496
1998865583
591474604
595685967
483768232
1395063870
247097349
390874511
194151845
-178928673
-1069006930
-1485052048
1136773345
1240762100
191778918
2061751400
-690459380
-2021723457
473972301
1322802839
844237677
-1006702076
1670221989
1115061378
670406560
-427069963
-920317549
-1842642527
1228329586
1504639904
-1652672365
1297287904
1756349850
-1550847247
-576080188
-1790120362
-1207215357
-1236681816
-229279035
1902234454
-1457389059
-1345702707
1746148837
307102496
1130574713
210470636
1027264802
1829631900
-2076503918
1597289583
-1180278322
1875915719
-912929032
1911677469
-1991396513
-1155313464
-468928003
1063449182
-1558018916
827537023
1419309009
-1803150688
112482258
-1575830551
-1726482942
425645097
-219314806
-406154317
558080597
468209343
1263442410
-1134264551
1445533032
-1410939918
-1508751464
616292801
-2077554574
638795801
14531011
871527333
1855004349
1173997818
1867155483
580689229
296131651
1410603698
310813205
-369890550
1390778848
-1156485447
-129729346
-459949006
-625217226
-1800218859
-2026734751
-1116761709
944320694
666356529
238389266
-240540701
-483901521
986950816
-764716496
141105789
-1921307930
-1544327677
-1492990915
221668724
-1734620646
-1235030586
614141416
-1353687435
1352244423
-133434447
588593955
1587245987
598179441
1755533000
1319957416
1921399966
-2086385511
-2058847903
507759573
1449743485
2121486789
782317280
169857635
-118453021
1033215034
-901612819
-1690094132
-1723602337
-1032143157
780109661
1749314512
1986453012
-2052811559
974829000
-460601645
-453364036
73869436
-1956492305
-466836891
-1233719
-792688031
-1581081429
86261854
-2005017181
-1268468311
-233450039
1750357219
-1230678075
-649819165
-1852813496
1239455365
506102134
1266294654
627924452
1926032426
-616334482
80058494
-985096701
1057705405
-1226677384
1694592115
-267990335
-369174533
42303203
78383528
-2068457439
1879513555
1836758335
2014428529
-914886226
-783817197
-2089451111
-869654569
294197338
-1338972364
1001936314
-1894317023
-1885419848
572296152
-518323239
-1199696136
-1864551137
685347021
-1485965304
-730057847
2135046878
1290629265
1578487636
2055484588
-1465092545
-460610541
2082135673
2020649926
-1932182220
-1389764901
1386674460
-248922089
2054682264
-1511519316
1792780633
1765618032
-1404541833
1177403637
-1190514903
-1920645555
-62917357
1497126800
735039732
869056915
273910162
2077389161
-232025980
-2108755445
2112002664
408184344
-1661440755
-543394059
-1489237020
-1147941601
432198547
766245888
-795446291
1593820963
-1722421636
-1334607286
443768837
2100150578
-627129654
-1584976648
1236188616
1444368625
-1013436154
-1298584956
1306947354
-303039579
-965832330
-1249066718
2119847394
-73920866
96493902
-442606465
-63420918
2084014713
-1836264238
2099288207
-1002887706
1352054927
-1002206151
-2072443637
-1420647207
582928779
918704551
1541167432
1403912467
-1281942873
25838665
-1071914928
1364088480
273131314
-560171931
2054264443
1735312675
-1548644874
-232913497
-187081228
-1552838100
559761458
965336980
-1670908439
-2096386955
325412995
671023550
-359541176
-428188895
911146547
724034209
658228675
2104247719
1593917527
956798968
-650758867
-225385719
-219161938
1511434403
1552195275
953772257
827368887
-843768176
-1787616316
1582794707
-331593123
-1570565280
1226846051
-1689742551
-100931699
1066879497
-1091109083
-446796949
1160446746
897991237
-1883106280
2068546120
-1312287662
-233841250
415123352
-156933427
1229819526
1281822566
-1227877541
-63603164
-1453237530
981465966
1941815158
1489310962
-913875223
965261319
-1146885182
-6045717
2003194353
1540939038
897567741
-907890384
263087964
1716695864
-1649369206
1085712421
-1667408403
-123120616
1808885933
-1103536320
-1303161196
1383504957
-555673170
-70614805
494755173
1439830028
1051460951
534825744
-1392832027
-75624628
976514245
1997069229
59638231
-1171048182
-1255924072
-1736301981
-1309814803
1594379908
1854975426
2089749628
766700856
-1001754902
-842172810
-56986901
2016386675
-72191671
-162772131
1626472065
661860943
-1257468713
-116130599
-980166376
1445994171
-1991657636
-1790726041
-848319982
428982073
-895592685
-2037270806
-585567264
-2104785154
-1117761124
-398098353
1886883750
-1839368160
-617404749
-514487623
-714270017
652303202
450628804
851378707
-526852050
1804332458
-1826365528
-509467103
1440257400
-748043645
-715355443
368092505
-2126768000
-2084746137
-1212702857
2061086689
-476278113
-1353332516
974246223
2000253262
578158519
975410329
-915240921
-596499726
22413045
-1133527037
-272450322
-2076691297
-517231132
-200005468
1856904267
564935549
-636860246
1430429605
361356600
1985582427
-1597422023
-1199525019
-481463570
1363041973
895285149
2045935234
-1527603299
1675474127
433623094
-110873216
-1356321672
-1340499940
-1441826021
-1345834369
1580200315
-1192702486
1490074975
1671416257
-201345000
1001191899
427617521
387221890
1813265287
-574123002
-2060372429
-2113181962
1191545444
1784276815
-143759839
127254707
-1191526743
-156069449
1309058653
-174449991
-200808514
340586643
1693521749
-462010877
95956812
1722508400
-48944931
2144333872
1187411411
-366519925
-1273506066
252729038
1606640604
1331528005
-306644822
754842757
-578135788
-1416656990
1781800696
462976807
-664100022
1898722560
492648562
148479127
-1585517557
1108503096
-375155596
-427495131
360269221
-822477979
1395705231
-260015147
-959176287
-1243029822
-1586478618
839693843
-408704109
-761176298
154279155
-1661428204
134243768
-378818470
-179290302
-1939822942
1374773884
563049294
588565960
1728625481
-323624278
-891177604
-127386062
1896768431
-836287360
-870287653
-1829102923
-430439093
-32101210
1296336517
-771615515
1060617340
-1733995708
-487917955
949132835
1078613454
-2074345647
1392408431
-1430175355
1019424446
2005396519
1365519820
-1452375484
1509477045
-1190738550
243897782
1194863629
1943594253
-1646957667
715453942
-1515162592
-1514361823
941732317
-1542518120
-604626330
1963244595
2144534691
1250039254
-183767386
591138179
1101845002
1502002085
-1636845084
-969317253
671975738
-1904656179
1675256291
1978689239
691218666
2091452559
1328933648
-2109150943
1467664052
-898109087
351706353
-450169984
-273968795
-1620501328
-1983392522
1016896406
1868241036
-1145109407
-1150813878
489312719
818349777
-1018935640
-1194010420
-1411142108
2094218606
-1922838130
1508426618
777824205
1030709522
1271166992
178339320
-1625306728
1820986175
1829412724
-266881991
-1869474883
537701089
-512642716
490601075
1933481404
-1034516595
-1902201808
